






1009



1014
1016
1017
1018



1022

1025
1028
1029

1037
1039


1048
1051
1052
1056

1059
1061

1064
1069
1070
1073

1081
1086
1087









1098
1106

1114
1143
1157
1159
1160
1163
1164

1171
1175

1180
1181
1194
1196
1197
1200

1202
1203

1210
1213
1219

1232
1233
1234
1235
1236
1238
1239
1240
1241
1242
1248
1257
1266
1267


1283
1284
1288
1302
1303
1312

1323

1328
1330

1335
1339
1379


1393
1395

1404

1421
1425
1525
1527
1532
1536
1548
1555
1677
1712
1728
1729
1730
1800
1804
1846
1847
1848
1849
1850
1860
1863
1873
1874
1875
1879
1898
1907
1978
1982
1984

1998















2040

2045

2047
2048
2049
2050


2059

2074


2093
2098
2099
2102


2137
2141
2147
2149
2159
2176
2177
2187
2188
2191
2200

2391
2399
2500

2544
2546
2553
2563
2570
2571

2609
2612
2614
2616
2639
2690
2707
2717
2844
2955
3033
3123
3415
3496
3535
3706
3732
3790


