19880101
19880111
19880117
19880129
19880149
19880221
19880239
19880261
19880297
19880317
19880321
19880323
19880347
19880363
19880383
19880387
19880417
19880431
19880437
19880461
19880477
19880489
19880501
19880519
19880521
19880551
19880557
19880563
19880591
19880603
19880629
19880647
19880677
19880681
19880683
19880687
19880711
19880719
19880723
19880759
19880767
19880771
19880779
19880789
19880807
19880851
19880857
19880867
19880873
19880879
19880911
19880933
19880963
19880981
19881019
19881077
19881079
19881097
19881101
19881133
19881139
19881149
19881151
19881161
19881167
19881193
19881227
19881229
19881233
19881241
19881259
19881283
19881311
19881359
19881383
19881403
19881419
19881427
19881431
19881439
19881451
19881457
19881461
19881473
19881479
19881481
19881487
19881497
19881503
19881541
19881557
19881607
19881629
19881671
19881703
19881707
19881727
19881751
19881773
19881787
19881803
19881811
19881817
19881833
19881859
19881877
19881887
19881889
19881929
19881941
19881947
19881971
19881973
19882003
19882013
19882021
19882033
19882043
19882087
19882091
19882099
19882103
19882117
19882127
19882133
19882141
19882147
19882199
19882217
19882223
19882243
19882273
19882337
19882349
19882361
19882393
19882397
19882403
19882427
19882453
19882459
19882481
19882517
19882543
19882547
19882553
19882561
19882573
19882591
19882601
19882613
19882631
19882693
19882711
19882729
19882747
19882771
19882789
19882817
19882859
19882871
19882913
19882921
19882943
19882981
19883027
19883029
19883033
19883041
19883051
19883057
19883069
19883077
19883089
19883093
19883099
19883107
19883113
19883119
19883131
19883137
19883147
19883153
19883161
19883173
19883203
19883207
19883219
19883267
19883309
19883317
19883327
19883341
19883359
19883363
19883371
19883399
19883419
19883449
19883497
19883503
19883527
19883537
19883543
19883551
19883581
19883597
19883599
19883609
19883623
19883629
19883641
19883651
19883681
19883683
19883687
19883701
19883711
19883719
19883737
19883771
19883777
19883779
19883783
19883789
19883797
19883807
19883849
19883887
19883921
19883923
19883939
19883947
19883953
19883977
19883993
19884001
19884019
19884023
19884037
19884041
19884049
19884071
19884079
19884143
19884157
19884181
19884191
19884197
19884209
19884223
19884229
19884233
19884269
19884287
19884301
19884311
19884323
19884329
19884341
19884349
19884377
19884391
19884413
19884419
19884433
19884439
19884451
19884463
19884481
19884493
19884499
19884511
19884541
19884551
19884569
19884587
19884607
19884617
19884629
19884637
19884643
19884649
19884653
19884661
19884701
19884707
19884721
19884731
19884743
19884763
19884769
19884797
19884803
19884833
19884847
19884869
19884913
19884929
19884937
19884967
19884989
19885027
19885037
19885067
19885079
19885081
19885111
19885141
19885147
19885157
19885163
19885193
19885199
19885211
19885219
19885231
19885237
19885241
19885247
19885249
19885259
19885297
19885303
19885309
19885331
19885337
19885339
19885351
19885357
19885361
19885367
19885373
19885379
19885423
19885429
19885433
19885447
19885469
19885471
19885483
19885499
19885507
19885513
19885519
19885531
19885543
19885661
19885681
19885703
19885739
19885753
19885763
19885769
19885783
19885813
19885819
19885847
19885883
19885897
19885907
19885919
19885949
19885963
19885979
19885997
19886011
19886023
19886047
19886051
19886059
19886063
19886093
19886129
19886143
19886147
19886161
19886171
19886197
19886213
19886227
19886231
19886233
19886239
19886263
19886267
19886281
19886291
19886297
19886299
19886303
19886309
19886327
19886341
19886357
19886371
19886387
19886389
19886393
19886411
19886417
19886423
19886437
19886443
19886453
19886459
19886497
19886507
19886533
19886557
19886561
19886567
19886569
19886579
19886611
19886621
19886623
19886627
19886639
19886641
19886653
19886689
19886701
19886731
19886747
19886759
19886761
19886767
19886773
19886791
19886809
19886831
19886833
19886857
19886891
19886947
19886963
19887017
19887041
19887061
19887097
19887121
19887149
19887163
19887169
19887181
19887191
19887193
19887221
19887247
19887253
19887293
19887323
19887353
19887367
19887379
19887391
19887397
19887401
19887407
19887421
19887449
19887451
19887481
19887487
19887521
19887563
19887587
19887589
19887613
19887641
19887643
19887653
19887719
19887743
19887799
19887821
19887853
19887859
19887869
19887871
19887899
19887919
19887929
19887937
19887941
19887949
19887953
19887971
19887979
19888021
19888061
19888067
19888069
19888087
19888109
19888111
19888177
19888189
19888199
19888217
19888237
19888243
19888247
19888279
19888291
19888301
19888331
19888343
19888367
19888417
19888439
19888441
19888447
19888469
19888471
19888541
19888549
19888571
19888601
19888651
19888667
19888679
19888697
19888699
19888703
19888711
19888769
19888787
19888811
19888837
19888853
19888871
19888873
19888889
19888901
19888909
19888927
19888969
19889027
19889033
19889047
19889057
19889081
19889083
19889087
19889117
19889137
19889173
19889179
19889189
19889203
19889209
19889213
19889237
19889251
19889299
19889323
19889327
19889329
19889347
19889351
19889377
19889381
19889399
19889407
19889417
19889449
19889497
19889501
19889509
19889537
19889543
19889581
19889587
19889629
19889647
19889651
19889657
19889659
19889663
19889689
19889717
19889731
19889741
19889743
19889747
19889759
19889777
19889783
19889791
19889801
19889803
19889833
19889887
19889897
19889899
19889923
19889929
19889939
19889953
19889957
19889981
19890007
19890019
19890029
19890049
19890061
19890083
19890103
19890107
19890137
19890149
19890161
19890181
19890191
19890263
19890281
19890293
19890307
19890341
19890347
19890379
19890389
19890413
19890439
19890443
19890449
19890461
19890463
19890503
19890509
19890517
19890523
19890583
19890589
19890593
19890631
19890641
19890643
19890649
19890671
19890677
19890679
19890683
19890691
19890707
19890713
19890733
19890749
19890757
19890763
19890779
19890797
19890817
19890841
19890859
19890881
19890911
19890919
19890961
19890973
19890991
19891007
19891019
19891031
19891049
19891061
19891073
19891099
19891103
19891117
19891127
19891133
19891141
19891153
19891177
19891189
19891213
19891229
