2 2 1 0 
1 0 0 0 
1 0 0 0 
1 0 0 0 
1 0 0 0 
1 0 0 0 
1 0 0 0 
1 0 0 0 
1 0 0 0 
1 0 0 0 
1 0 0 0 
1 0 0 0 
1 0 0 0 
1 0 0 0 
1 0 0 0 
1 0 0 0 
1 0 0 0 
1 0 0 0 
1 0 0 0 
1 0 0 0 
1 0 0 0 
1 0 0 0 
1 0 0 0 
1 0 0 0 
1 0 0 0 
1 0 0 0 
1 0 0 0 
1 0 0 0 
1 0 0 0 
1 0 0 0 
1 0 0 0 
1 0 0 0 
1 0 0 0 
1 0 0 0 
1 0 0 0 
1 0 0 0 
1 0 0 0 
1 0 0 0 
1 0 0 0 
1 0 0 0 
1 0 0 0 
1 0 0 0 
1 0 0 0 
1 0 0 0 
1 0 0 0 
1 0 0 0 
1 0 0 0 
1 0 0 0 
1 0 0 0 
1 0 0 0 
1 0 0 0 
1 0 0 0 
1 0 0 0 
1 0 0 0 
1 0 0 0 
1 0 0 0 
1 0 0 0 
1 0 0 0 
1 0 0 0 
1 0 0 0 
1 0 0 0 
1 0 0 0 
1 0 0 0 
1 0 0 0 
1 0 0 0 
1 0 0 0 
1 0 0 0 
1 0 0 0 
1 0 0 0 
1 0 0 0 
1 0 0 0 
1 0 0 0 
1 0 0 0 
1 0 0 0 
1 0 0 0 
1 0 0 0 
1 0 0 0 
1 0 0 0 
1 0 0 0 
1 0 0 0 
1 0 0 0 
1 0 0 0 
1 0 0 0 
1 0 0 0 
1 0 0 0 
1 0 0 0 
1 0 0 0 
1 0 0 0 
1 0 0 0 
1 0 0 0 
1 0 0 0 
1 0 0 0 
1 0 0 0 
1 0 0 0 
1 0 0 0 
1 0 0 0 
1 0 0 0 
1 0 0 0 
1 0 0 0 
1 1 2
8 8 6 3 2 0 
1 0 0 0 0 0 
1 0 0 0 0 0 
1 0 0 0 0 0 
1 0 0 0 0 0 
1 0 0 0 0 0 
1 0 0 0 0 0 
1 0 0 0 0 0 
1 0 0 0 0 0 
1 0 0 0 0 0 
1 0 0 0 0 0 
1 0 0 0 0 0 
1 0 0 0 0 0 
1 0 0 0 0 0 
1 0 0 0 0 0 
1 0 0 0 0 0 
1 0 0 0 0 0 
1 0 0 0 0 0 
1 0 0 0 0 0 
1 0 0 0 0 0 
1 0 0 0 0 0 
1 0 0 0 0 0 
1 0 0 0 0 0 
1 0 0 0 0 0 
1 0 0 0 0 0 
1 0 0 0 0 0 
1 0 0 0 0 0 
1 0 0 0 0 0 
1 0 0 0 0 0 
1 0 0 0 0 0 
1 0 0 0 0 0 
1 0 0 0 0 0 
1 0 0 0 0 0 
1 0 0 0 0 0 
1 0 0 0 0 0 
1 0 0 0 0 0 
1 0 0 0 0 0 
1 0 0 0 0 0 
1 0 0 0 0 0 
1 0 0 0 0 0 
1 0 0 0 0 0 
1 0 0 0 0 0 
1 0 0 0 0 0 
1 0 0 0 0 0 
1 0 0 0 0 0 
1 0 0 0 0 0 
1 0 0 0 0 0 
1 0 0 0 0 0 
1 0 0 0 0 0 
1 0 0 0 0 0 
1 0 0 0 0 0 
1 0 0 0 0 0 
1 0 0 0 0 0 
1 0 0 0 0 0 
1 0 0 0 0 0 
1 0 0 0 0 0 
1 0 0 0 0 0 
1 0 0 0 0 0 
1 0 0 0 0 0 
1 0 0 0 0 0 
1 0 0 0 0 0 
1 0 0 0 0 0 
1 0 0 0 0 0 
1 0 0 0 0 0 
1 0 0 0 0 0 
1 0 0 0 0 0 
1 0 0 0 0 0 
1 0 0 0 0 0 
1 0 0 0 0 0 
1 0 0 0 0 0 
1 0 0 0 0 0 
1 0 0 0 0 0 
1 0 0 0 0 0 
1 0 0 0 0 0 
1 0 0 0 0 0 
1 0 0 0 0 0 
1 0 0 0 0 0 
1 0 0 0 0 0 
1 0 0 0 0 0 
1 0 0 0 0 0 
1 0 0 0 0 0 
1 0 0 0 0 0 
1 0 0 0 0 0 
1 0 0 0 0 0 
1 0 0 0 0 0 
1 0 0 0 0 0 
1 0 0 0 0 0 
1 0 0 0 0 0 
1 0 0 0 0 0 
1 0 0 0 0 0 
1 0 0 0 0 0 
1 0 0 0 0 0 
1 0 0 0 0 0 
1 0 0 0 0 0 
1 0 0 0 0 0 
1 0 0 0 0 0 
1 0 0 0 0 0 
1 0 0 0 0 0 
1 0 0 0 0 0 
1 1 2
2 1 1 1 
1 0 0 0 
1 0 0 0 
1 0 0 0 
1 0 0 0 
1 0 0 0 
1 0 0 0 
1 0 0 0 
1 0 0 0 
1 0 0 0 
1 0 0 0 
1 0 0 0 
1 0 0 0 
1 0 0 0 
1 0 0 0 
1 0 0 0 
1 0 0 0 
1 0 0 0 
1 0 0 0 
1 0 0 0 
1 0 0 0 
1 0 0 0 
1 0 0 0 
1 0 0 0 
1 0 0 0 
1 0 0 0 
1 0 0 0 
1 0 0 0 
1 0 0 0 
1 0 0 0 
1 0 0 0 
1 0 0 0 
1 0 0 0 
1 0 0 0 
1 0 0 0 
1 0 0 0 
1 0 0 0 
1 0 0 0 
1 0 0 0 
1 0 0 0 
1 0 0 0 
1 0 0 0 
1 0 0 0 
1 0 0 0 
1 0 0 0 
1 0 0 0 
1 0 0 0 
1 0 0 0 
1 0 0 0 
1 0 0 0 
1 0 0 0 
1 0 0 0 
1 0 0 0 
1 0 0 0 
1 0 0 0 
1 0 0 0 
1 0 0 0 
1 0 0 0 
1 0 0 0 
1 0 0 0 
1 0 0 0 
1 0 0 0 
1 0 0 0 
1 0 0 0 
1 0 0 0 
1 0 0 0 
1 0 0 0 
1 0 0 0 
1 0 0 0 
1 0 0 0 
1 0 0 0 
1 0 0 0 
1 0 0 0 
1 0 0 0 
1 0 0 0 
1 0 0 0 
1 0 0 0 
1 0 0 0 
1 0 0 0 
1 0 0 0 
1 0 0 0 
1 0 0 0 
1 0 0 0 
1 0 0 0 
1 0 0 0 
1 0 0 0 
1 0 0 0 
1 0 0 0 
1 0 0 0 
1 0 0 0 
1 0 0 0 
1 0 0 0 
1 0 0 0 
1 0 0 0 
1 0 0 0 
1 0 0 0 
1 0 0 0 
1 0 0 0 
1 0 0 0 
1 1 2
0 
1 
1 
1 
1 
1 
1 
1 
1 
1 
1 
1 
1 
1 
1 
1 
1 
1 
1 
1 
1 
1 
1 
1 
1 
1 
1 
1 
1 
1 
1 
1 
1 
1 
1 
1 
1 
1 
1 
1 
1 
1 
1 
1 
1 
1 
1 
1 
1 
1 
1 
1 
1 
1 
1 
1 
1 
1 
1 
1 
1 
1 
1 
1 
1 
1 
1 
1 
1 
1 
1 
1 
1 
1 
1 
1 
1 
1 
1 
1 
1 
1 
1 
1 
1 
1 
1 
1 
1 
1 
1 
1 
1 
1 
1 
1 
1 
1 
1 
1 1 2
9 9 
1 0 
1 0 
1 0 
1 0 
1 0 
1 0 
1 0 
1 0 
1 0 
1 0 
1 0 
1 0 
1 0 
1 0 
1 0 
1 0 
1 0 
1 0 
1 0 
1 0 
1 0 
1 0 
1 0 
1 0 
1 0 
1 0 
1 0 
1 0 
1 0 
1 0 
1 0 
1 0 
1 0 
1 0 
1 0 
1 0 
1 0 
1 0 
1 0 
1 0 
1 0 
1 0 
1 0 
1 0 
1 0 
1 0 
1 0 
1 0 
1 0 
1 0 
1 0 
1 0 
1 0 
1 0 
1 0 
1 0 
1 0 
1 0 
1 0 
1 0 
1 0 
1 0 
1 0 
1 0 
1 0 
1 0 
1 0 
1 0 
1 0 
1 0 
1 0 
1 0 
1 0 
1 0 
1 0 
1 0 
1 0 
1 0 
1 0 
1 0 
1 0 
1 0 
1 0 
1 0 
1 0 
1 0 
1 0 
1 0 
1 0 
1 0 
1 0 
1 0 
1 0 
1 0 
1 0 
1 0 
1 0 
1 0 
1 1 2
